Run Number,Run History Configuration ID,Instance ID,Response Value (y),Censored?,Cutoff Time Used,Seed,Runtime,Run Length,Run Result Code,Run Quality,SMAC Iteration,SMAC Cumulative Runtime,Run Result,Additional Algorithm Run Data,Wall Clock Time,
1,1,5,5.0,0,1800.0,-1,5.0,-1.0,1,164615.89,0,5.0,SAT,everything ok,5.494,
2,1,3,6.0,0,1800.0,-1,6.0,-1.0,1,89224.39,1,11.0,SAT,everything ok,6.158,
3,2,3,7.0,0,8.802600138235093,-1,7.0,-1.0,1,169965.1,1,18.0,SAT,configuration crashed; runnning SBS,7.339,
4,1,9,5.0,0,1800.0,-1,5.0,-1.0,1,93188.71,1,23.0,SAT,everything ok,5.583,
5,3,3,7.0,0,8.802600138235093,-1,7.0,-1.0,1,169965.1,1,30.0,SAT,configuration crashed; runnning SBS,7.885,
6,1,6,6.0,0,1800.0,-1,6.0,-1.0,1,160445.98,2,36.0,SAT,everything ok,6.086,
7,4,9,7.0,0,7.502600651580096,-1,7.0,-1.0,1,171558.6,2,43.0,SAT,configuration crashed; runnning SBS,7.185,
8,1,8,5.0,0,1800.0,-1,5.0,-1.0,1,127970.04,2,48.0,SAT,everything ok,5.883,
9,3,5,7.0,0,6.203900024640561,-1,7.0,-1.0,1,869686.8,2,55.0,SAT,configuration crashed; runnning SBS,7.899,
10,1,4,5.0,0,1800.0,-1,5.0,-1.0,1,164987.9,3,60.0,SAT,everything ok,5.973,
11,5,5,6.0,0,7.502600651580096,-1,6.0,-1.0,1,869686.8,3,66.0,SAT,configuration crashed; runnning SBS,7.01,
12,1,1,5.0,0,1800.0,-1,5.0,-1.0,1,127998.99,3,71.0,SAT,everything ok,5.884,
13,6,9,12.0,0,7.502600651580096,-1,12.0,-1.0,1,171558.6,3,83.0,SAT,configuration crashed; runnning SBS,12.864,
14,1,2,5.0,0,1800.0,-1,5.0,-1.0,1,203934.04,4,88.0,SAT,everything ok,5.882,
15,7,4,7.0,0,7.502600651580096,-1,7.0,-1.0,1,513059.2,4,95.0,SAT,configuration crashed; runnning SBS,7.113,
16,1,10,6.0,0,1800.0,-1,6.0,-1.0,1,131407.41,4,101.0,SAT,everything ok,6.161,
17,8,4,9.0,0,7.502600651580096,-1,9.0,-1.0,1,132443.7,4,110.0,SAT,everything ok,9.164,
