Run Number,Run History Configuration ID,Instance ID,Response Value (y),Censored?,Cutoff Time Used,Seed,Runtime,Run Length,Run Result Code,Run Quality,SMAC Iteration,SMAC Cumulative Runtime,Run Result,Additional Algorithm Run Data,Wall Clock Time,
1,1,5,1.0,0,1800.0,-1,1.0,-1.0,1,74296.0,0,1.0,SAT,everything ok,1.534,
2,1,3,1.0,0,1800.0,-1,1.0,-1.0,1,6946.0,1,2.0,SAT,everything ok,1.736,
3,2,3,2.0,0,2.302600525665283,-1,2.0,-1.0,1,804190.0,1,4.0,SAT,configuration crashed; runnning SBS,2.456,
4,1,9,1.0,0,1800.0,-1,1.0,-1.0,1,4069.0,1,5.0,SAT,everything ok,1.536,
5,3,3,5.0,0,2.302600525665283,-1,5.0,-1.0,1,804190.0,1,10.0,SAT,configuration crashed; runnning SBS,5.391,
6,1,6,1.0,0,1800.0,-1,1.0,-1.0,1,3916.0,2,11.0,SAT,everything ok,1.519,
7,4,9,1.0,0,2.302600525665283,-1,1.0,-1.0,1,75973.0,2,12.0,SAT,everything ok,1.336,
8,4,3,1.0,0,3.6052010006934405,-1,1.0,-1.0,1,80419.0,2,13.0,SAT,everything ok,1.2,
9,4,5,1.0,0,2.305200424391031,-1,1.0,-1.0,1,74643.0,2,14.0,SAT,everything ok,1.411,
10,4,6,1.0,0,2.306500373753905,-1,1.0,-1.0,1,80948.0,2,15.0,SAT,everything ok,1.199,
11,1,8,1.0,0,1800.0,-1,1.0,-1.0,1,73187.0,2,16.0,SAT,everything ok,1.906,
12,3,6,0.0,1,0.0,-1,0.0,0.0,0,0.0,2,16.0,TIMEOUT,,0.0,
13,1,4,1.0,0,1800.0,-1,1.0,-1.0,1,77499.0,3,17.0,SAT,everything ok,1.726,
14,5,8,2.0,0,2.302600525665283,-1,2.0,-1.0,1,764030.0,3,19.0,SAT,configuration crashed; runnning SBS,2.042,
15,1,1,1.0,0,1800.0,-1,1.0,-1.0,1,10046.0,3,20.0,SAT,everything ok,1.528,
16,6,6,5.0,0,2.302600525665283,-1,5.0,-1.0,1,809480.0,3,25.0,SAT,configuration crashed; runnning SBS,5.168,
17,1,2,1.0,0,1800.0,-1,1.0,-1.0,1,4588.0,4,26.0,SAT,everything ok,1.505,
18,7,4,1.0,0,2.302600525665283,-1,1.0,-1.0,1,148185.0,4,27.0,SAT,everything ok,1.192,
19,7,5,1.0,0,3.6052010006934405,-1,1.0,-1.0,1,74643.0,4,28.0,SAT,everything ok,1.208,
20,7,6,1.0,0,2.305200424391031,-1,1.0,-1.0,1,80948.0,4,29.0,SAT,everything ok,1.228,
21,7,2,1.0,0,6.210400861102343,-1,1.0,-1.0,1,76344.0,4,30.0,SAT,everything ok,1.248,
22,7,3,0.0,0,4.910400284799934,-1,0.0,-1.0,1,80419.0,4,30.0,SAT,everything ok,1.025,
23,7,1,1.0,0,4.910400284799934,-1,1.0,-1.0,1,81929.0,4,31.0,SAT,everything ok,1.176,
24,7,8,1.0,0,3.6104007981449366,-1,1.0,-1.0,1,76403.0,4,32.0,SAT,everything ok,1.094,
25,7,9,0.0,0,3.6117007475078107,-1,0.0,-1.0,1,75973.0,4,32.0,SAT,everything ok,1.017,
26,7,10,1.0,0,1800.0,-1,1.0,-1.0,1,76716.0,4,33.0,SAT,everything ok,1.205,
27,1,10,0.0,1,0.0,-1,0.0,0.0,0,0.0,4,33.0,TIMEOUT,,0.0,
28,8,1,1.0,0,2.302600525665283,-1,1.0,-1.0,1,80490.0,4,34.0,SAT,everything ok,1.233,
29,8,10,1.0,0,3.6052010006934405,-1,1.0,-1.0,1,75906.0,4,35.0,SAT,everything ok,1.13,
30,8,6,1.0,0,2.305200424391031,-1,1.0,-1.0,1,5867.0,4,36.0,SAT,everything ok,1.246,
31,8,4,1.0,0,4.910400284799934,-1,1.0,-1.0,1,78081.0,4,37.0,SAT,everything ok,1.105,
32,8,2,1.0,0,3.6104007981449366,-1,1.0,-1.0,1,5081.0,4,38.0,SAT,everything ok,1.096,
33,8,8,1.0,0,2.310400221842527,-1,1.0,-1.0,1,79517.0,4,39.0,SAT,everything ok,1.192,
34,8,9,1.0,0,1.0104007351875306,-1,1.0,-1.0,1,76010.0,4,40.0,SAT,everything ok,1.22,
35,7,7,1.0,0,1800.0,-1,1.0,-1.0,1,159365.0,5,41.0,SAT,everything ok,1.243,
36,1,7,3.0,0,1.0143005832761527,-1,3.0,-1.0,1,91611.0,5,44.0,SAT,everything ok,3.287,
37,9,8,1.0,0,2.302600525665283,-1,1.0,-1.0,1,764030.0,5,45.0,SAT,configuration crashed; runnning SBS,2.033,
38,9,1,2.0,0,2.305200424391031,-1,2.0,-1.0,1,819290.0,5,47.0,SAT,configuration crashed; runnning SBS,2.292,
39,10,5,4.0,0,2.302600525665283,-1,4.0,-1.0,1,4386.0,5,51.0,SAT,everything ok,4.272,
40,11,6,2.0,0,2.302600525665283,-1,2.0,-1.0,1,809480.0,6,53.0,SAT,configuration crashed; runnning SBS,2.164,
41,12,5,1.0,0,2.302600525665283,-1,1.0,-1.0,1,74643.0,6,54.0,SAT,everything ok,1.263,
42,12,6,1.0,0,3.6052010006934405,-1,1.0,-1.0,1,80948.0,6,55.0,SAT,everything ok,1.192,
43,12,4,1.0,0,2.305200424391031,-1,1.0,-1.0,1,148185.0,6,56.0,SAT,everything ok,1.159,
44,12,1,1.0,0,4.910400284799934,-1,1.0,-1.0,1,81929.0,6,57.0,SAT,everything ok,1.367,
45,12,2,1.0,0,3.6104007981449366,-1,1.0,-1.0,1,76344.0,6,58.0,SAT,everything ok,1.103,
46,12,3,1.0,0,2.310400221842527,-1,1.0,-1.0,1,80419.0,6,59.0,SAT,everything ok,1.396,
47,12,10,1.0,0,1.0104007351875306,-1,1.0,-1.0,1,76716.0,6,60.0,SAT,everything ok,1.276,
48,13,3,2.0,0,1.0026010390102864,-1,2.0,-1.0,1,804190.0,7,62.0,SAT,configuration crashed; runnning SBS,2.176,
49,14,9,2.0,0,1.0026010390102864,-1,2.0,-1.0,1,759730.0,7,64.0,SAT,configuration crashed; runnning SBS,2.147,
50,15,8,1.0,0,2.302600525665283,-1,1.0,-1.0,1,76403.0,8,65.0,SAT,everything ok,1.129,
51,15,5,1.0,0,3.6052010006934405,-1,1.0,-1.0,1,74643.0,8,66.0,SAT,everything ok,1.12,
52,15,10,1.0,0,2.305200424391031,-1,1.0,-1.0,1,76716.0,8,67.0,SAT,everything ok,1.213,
53,15,1,1.0,0,6.210400861102343,-1,1.0,-1.0,1,81929.0,8,68.0,SAT,everything ok,1.114,
54,15,4,1.0,0,4.910400284799934,-1,1.0,-1.0,1,148185.0,8,69.0,SAT,everything ok,1.128,
55,15,7,0.0,0,3.6104007981449366,-1,0.0,-1.0,1,159365.0,8,69.0,SAT,everything ok,1.006,
56,15,6,1.0,0,3.6104007981449366,-1,1.0,-1.0,1,80948.0,8,70.0,SAT,everything ok,1.099,
57,15,3,1.0,0,3.6143006462335587,-1,1.0,-1.0,1,80419.0,8,71.0,SAT,everything ok,1.348,
58,15,2,0.0,0,2.314300069931149,-1,0.0,-1.0,1,76344.0,8,71.0,SAT,everything ok,0.997,
59,15,9,1.0,0,2.314300069931149,-1,1.0,-1.0,1,75973.0,8,72.0,SAT,everything ok,1.264,
60,16,6,1.0,0,2.302600525665283,-1,1.0,-1.0,1,80948.0,8,73.0,SAT,everything ok,1.161,
61,16,9,3.0,0,1.0052009377360345,-1,3.0,-1.0,1,75973.0,8,76.0,SAT,everything ok,3.272,
62,17,5,1.0,0,2.302600525665283,-1,1.0,-1.0,1,74179.0,9,77.0,SAT,everything ok,1.402,
63,17,3,1.0,0,2.305200424391031,-1,1.0,-1.0,1,80419.0,9,78.0,SAT,everything ok,1.612,
64,17,4,3.0,0,1.0052009377360345,-1,3.0,-1.0,1,148185.0,9,81.0,SAT,everything ok,3.188,
65,18,3,3.0,0,1.0026010390102864,-1,3.0,-1.0,1,81322.0,9,84.0,SAT,everything ok,3.251,
66,19,1,1.0,0,2.302600525665283,-1,1.0,-1.0,1,81929.0,10,85.0,SAT,everything ok,1.106,
67,19,6,1.0,0,3.6052010006934405,-1,1.0,-1.0,1,80948.0,10,86.0,SAT,everything ok,1.109,
68,19,4,1.0,0,2.305200424391031,-1,1.0,-1.0,1,148185.0,10,87.0,SAT,everything ok,1.116,
69,19,10,1.0,0,3.6104007981449366,-1,1.0,-1.0,1,76716.0,10,88.0,SAT,everything ok,1.209,
70,19,9,0.0,0,2.310400221842527,-1,0.0,-1.0,1,75973.0,10,88.0,SAT,everything ok,0.998,
71,19,2,1.0,0,2.310400221842527,-1,1.0,-1.0,1,76344.0,10,89.0,SAT,everything ok,1.107,
72,19,3,1.0,0,1.0104007351875306,-1,1.0,-1.0,1,80419.0,10,90.0,SAT,everything ok,1.154,
73,20,1,1.0,0,2.302600525665283,-1,1.0,-1.0,1,80587.0,10,91.0,SAT,everything ok,1.416,
74,20,3,1.0,0,2.305200424391031,-1,1.0,-1.0,1,8895.0,10,92.0,SAT,everything ok,1.44,
75,20,2,3.0,0,1.0052009377360345,-1,3.0,-1.0,1,4467.0,10,95.0,SAT,everything ok,3.292,
76,21,6,1.0,0,2.302600525665283,-1,1.0,-1.0,1,80948.0,11,96.0,SAT,everything ok,1.115,
77,21,1,1.0,0,2.305200424391031,-1,1.0,-1.0,1,79581.0,11,97.0,SAT,everything ok,1.092,
78,21,9,1.0,0,1.0052009377360345,-1,1.0,-1.0,1,75973.0,11,98.0,SAT,everything ok,1.226,
79,22,3,1.0,0,1.0026010390102864,-1,1.0,-1.0,1,80419.0,11,99.0,SAT,everything ok,1.263,
80,23,9,1.0,0,1.0026010390102864,-1,1.0,-1.0,1,75973.0,12,100.0,SAT,everything ok,1.092,
81,24,8,1.0,0,2.302600525665283,-1,1.0,-1.0,1,76403.0,12,101.0,SAT,everything ok,1.231,
82,24,9,0.0,0,2.305200424391031,-1,0.0,-1.0,1,75973.0,12,101.0,SAT,everything ok,1.0,
83,24,6,1.0,0,2.305200424391031,-1,1.0,-1.0,1,80948.0,12,102.0,SAT,everything ok,1.212,
84,24,3,1.0,0,4.910400284799934,-1,1.0,-1.0,1,80419.0,12,103.0,SAT,everything ok,1.089,
85,24,1,1.0,0,3.6104007981449366,-1,1.0,-1.0,1,81929.0,12,104.0,SAT,everything ok,1.129,
86,24,7,1.0,0,2.310400221842527,-1,1.0,-1.0,1,159365.0,12,105.0,SAT,everything ok,1.117,
87,24,5,1.0,0,1.0104007351875306,-1,1.0,-1.0,1,74643.0,12,106.0,SAT,everything ok,1.213,
88,25,1,1.0,0,2.302600525665283,-1,1.0,-1.0,1,81929.0,13,107.0,SAT,everything ok,1.22,
89,25,2,1.0,0,3.6052010006934405,-1,1.0,-1.0,1,76344.0,13,108.0,SAT,everything ok,1.188,
90,25,4,1.0,0,2.305200424391031,-1,1.0,-1.0,1,148185.0,13,109.0,SAT,everything ok,1.084,
91,25,8,1.0,0,4.910400284799934,-1,1.0,-1.0,1,76403.0,13,110.0,SAT,everything ok,1.08,
92,25,5,1.0,0,3.6104007981449366,-1,1.0,-1.0,1,74643.0,13,111.0,SAT,everything ok,1.12,
93,25,6,0.0,0,2.310400221842527,-1,0.0,-1.0,1,80948.0,13,111.0,SAT,everything ok,1.015,
94,25,9,1.0,0,2.310400221842527,-1,1.0,-1.0,1,75973.0,13,112.0,SAT,everything ok,1.126,
95,25,3,1.0,0,3.6143006462335587,-1,1.0,-1.0,1,80419.0,13,113.0,SAT,everything ok,1.104,
96,25,10,1.0,0,2.314300069931149,-1,1.0,-1.0,1,76716.0,13,114.0,SAT,everything ok,1.263,
97,25,7,1.0,0,1.0143005832761527,-1,1.0,-1.0,1,159365.0,13,115.0,SAT,everything ok,1.264,
98,26,8,1.0,0,2.302600525665283,-1,1.0,-1.0,1,3886.0,13,116.0,SAT,everything ok,1.628,
99,26,3,1.0,0,2.305200424391031,-1,1.0,-1.0,1,78619.0,13,117.0,SAT,everything ok,1.508,
100,26,10,3.0,0,1.0052009377360345,-1,3.0,-1.0,1,76125.0,13,120.0,SAT,everything ok,3.236,
101,27,8,1.0,0,2.302600525665283,-1,1.0,-1.0,1,7519.0,14,121.0,SAT,everything ok,1.273,
102,27,9,1.0,0,2.305200424391031,-1,1.0,-1.0,1,75973.0,14,122.0,SAT,everything ok,1.42,
103,27,10,1.0,0,1.0052009377360345,-1,1.0,-1.0,1,74991.0,14,123.0,SAT,everything ok,1.254,
104,28,9,2.0,0,1.0026010390102864,-1,2.0,-1.0,1,759730.0,14,125.0,SAT,configuration crashed; runnning SBS,2.368,
105,29,9,1.0,0,1.0026010390102864,-1,1.0,-1.0,1,75973.0,15,126.0,SAT,everything ok,1.104,
106,30,4,5.0,0,2.302600525665283,-1,5.0,-1.0,1,1481850.0,15,131.0,SAT,configuration crashed; runnning SBS,5.176,
107,31,7,2.0,0,2.302600525665283,-1,2.0,-1.0,1,1593650.0,16,133.0,SAT,configuration crashed; runnning SBS,2.372,
108,32,3,4.0,0,1.0026010390102864,-1,4.0,-1.0,1,804190.0,17,137.0,SAT,configuration crashed; runnning SBS,4.403,
109,19,8,1.0,0,1.0117006845504046,-1,1.0,-1.0,1,76403.0,18,138.0,SAT,everything ok,1.284,
110,33,9,4.0,0,1.0026010390102864,-1,4.0,-1.0,1,759730.0,18,142.0,SAT,configuration crashed; runnning SBS,4.23,
111,34,9,2.0,0,1.0026010390102864,-1,2.0,-1.0,1,759730.0,19,144.0,SAT,configuration crashed; runnning SBS,2.316,
112,35,9,3.0,0,1.0026010390102864,-1,3.0,-1.0,1,3887.0,20,147.0,SAT,everything ok,3.27,
113,36,6,1.0,0,2.302600525665283,-1,1.0,-1.0,1,80948.0,21,148.0,SAT,everything ok,1.237,
114,36,3,1.0,0,1.0052009377360345,-1,1.0,-1.0,1,80419.0,21,149.0,SAT,everything ok,1.106,
115,37,5,2.0,0,2.302600525665283,-1,2.0,-1.0,1,746430.0,21,151.0,SAT,configuration crashed; runnning SBS,2.339,
116,38,9,2.0,0,1.0026010390102864,-1,2.0,-1.0,1,759730.0,22,153.0,SAT,configuration crashed; runnning SBS,2.173,
117,39,1,1.0,0,2.302600525665283,-1,1.0,-1.0,1,81929.0,23,154.0,SAT,everything ok,1.256,
118,39,9,1.0,0,2.305200424391031,-1,1.0,-1.0,1,75973.0,23,155.0,SAT,everything ok,1.152,
119,39,4,1.0,0,1.0052009377360345,-1,1.0,-1.0,1,148185.0,23,156.0,SAT,everything ok,1.108,
120,40,9,2.0,0,1.0026010390102864,-1,2.0,-1.0,1,759730.0,23,158.0,SAT,configuration crashed; runnning SBS,2.287,
121,41,8,2.0,0,2.302600525665283,-1,2.0,-1.0,1,764030.0,24,160.0,SAT,configuration crashed; runnning SBS,2.384,
122,42,8,1.0,0,2.302600525665283,-1,1.0,-1.0,1,75932.0,25,161.0,SAT,everything ok,1.812,
123,42,10,1.0,0,3.6052010006934405,-1,1.0,-1.0,1,75838.0,25,162.0,SAT,everything ok,2.037,
124,42,7,1.0,0,2.305200424391031,-1,1.0,-1.0,1,155942.0,25,163.0,SAT,everything ok,1.898,
125,42,5,1.0,0,6.210400861102343,-1,1.0,-1.0,1,73620.0,25,164.0,SAT,everything ok,1.608,
126,42,2,1.0,0,4.910400284799934,-1,1.0,-1.0,1,7403.0,25,165.0,SAT,everything ok,1.918,
127,42,6,1.0,0,3.6104007981449366,-1,1.0,-1.0,1,147402.0,25,166.0,SAT,everything ok,1.497,
128,42,4,1.0,0,2.310400221842527,-1,1.0,-1.0,1,77005.0,25,167.0,SAT,everything ok,1.819,
129,42,9,1.0,0,2.314300069931149,-1,1.0,-1.0,1,3240.0,25,168.0,SAT,everything ok,1.692,
130,42,1,3.0,0,1.0143005832761527,-1,3.0,-1.0,1,80562.0,25,171.0,SAT,everything ok,3.26,
131,43,9,2.0,0,1.0026010390102864,-1,2.0,-1.0,1,759730.0,25,173.0,SAT,configuration crashed; runnning SBS,2.112,
132,44,7,1.0,0,2.302600525665283,-1,1.0,-1.0,1,159365.0,26,174.0,SAT,everything ok,1.117,
133,44,4,1.0,0,2.305200424391031,-1,1.0,-1.0,1,148185.0,26,175.0,SAT,everything ok,1.277,
134,44,9,1.0,0,1.0052009377360345,-1,1.0,-1.0,1,75973.0,26,176.0,SAT,everything ok,1.107,
135,45,10,2.0,0,2.302600525665283,-1,2.0,-1.0,1,767160.0,26,178.0,SAT,configuration crashed; runnning SBS,2.387,
136,46,9,0.0,0,1.0026010390102864,-1,0.0,-1.0,1,75973.0,27,178.0,SAT,everything ok,0.992,
137,46,10,1.0,0,3.6052010006934405,-1,1.0,-1.0,1,76716.0,27,179.0,SAT,everything ok,1.279,
138,46,8,1.0,0,2.305200424391031,-1,1.0,-1.0,1,76403.0,27,180.0,SAT,everything ok,1.1,
139,46,1,1.0,0,4.910400284799934,-1,1.0,-1.0,1,81929.0,27,181.0,SAT,everything ok,1.22,
140,46,4,1.0,0,3.6104007981449366,-1,1.0,-1.0,1,148185.0,27,182.0,SAT,everything ok,1.084,
141,46,3,1.0,0,2.310400221842527,-1,1.0,-1.0,1,80419.0,27,183.0,SAT,everything ok,1.27,
142,46,6,1.0,0,1.0104007351875306,-1,1.0,-1.0,1,80948.0,27,184.0,SAT,everything ok,1.208,
143,47,1,2.0,0,2.302600525665283,-1,2.0,-1.0,1,80556.0,27,186.0,SAT,everything ok,2.212,
144,48,8,1.0,0,2.302600525665283,-1,1.0,-1.0,1,76403.0,28,187.0,SAT,everything ok,1.115,
145,48,9,1.0,0,2.305200424391031,-1,1.0,-1.0,1,75973.0,28,188.0,SAT,everything ok,1.104,
146,48,10,1.0,0,1.0052009377360345,-1,1.0,-1.0,1,76716.0,28,189.0,SAT,everything ok,1.181,
147,49,1,2.0,0,2.302600525665283,-1,2.0,-1.0,1,819290.0,28,191.0,SAT,configuration crashed; runnning SBS,2.196,
148,50,7,1.0,0,2.302600525665283,-1,1.0,-1.0,1,159365.0,29,192.0,SAT,everything ok,1.096,
149,50,10,1.0,0,3.6052010006934405,-1,1.0,-1.0,1,76716.0,29,193.0,SAT,everything ok,1.13,
150,50,2,1.0,0,2.305200424391031,-1,1.0,-1.0,1,76344.0,29,194.0,SAT,everything ok,1.218,
151,50,8,1.0,0,6.210400861102343,-1,1.0,-1.0,1,76403.0,29,195.0,SAT,everything ok,1.082,
152,50,5,0.0,0,4.910400284799934,-1,0.0,-1.0,1,74643.0,29,195.0,SAT,everything ok,1.003,
153,50,4,1.0,0,4.910400284799934,-1,1.0,-1.0,1,148185.0,29,196.0,SAT,everything ok,1.428,
154,50,6,1.0,0,3.6104007981449366,-1,1.0,-1.0,1,80948.0,29,197.0,SAT,everything ok,1.15,
155,50,1,1.0,0,3.6143006462335587,-1,1.0,-1.0,1,81929.0,29,198.0,SAT,everything ok,1.125,
156,50,3,1.0,0,2.314300069931149,-1,1.0,-1.0,1,80419.0,29,199.0,SAT,everything ok,1.28,
157,50,9,1.0,0,1.0143005832761527,-1,1.0,-1.0,1,75973.0,29,200.0,SAT,everything ok,1.254,
158,51,3,1.0,0,1.0026010390102864,-1,1.0,-1.0,1,804190.0,29,201.0,SAT,configuration crashed; runnning SBS,2.024,
159,52,9,1.0,0,1.0026010390102864,-1,1.0,-1.0,1,75973.0,30,202.0,SAT,everything ok,1.231,
160,53,3,1.0,0,1.0026010390102864,-1,1.0,-1.0,1,80419.0,30,203.0,SAT,everything ok,1.148,
161,54,8,2.0,0,2.302600525665283,-1,2.0,-1.0,1,764030.0,31,205.0,SAT,configuration crashed; runnning SBS,2.1,
162,55,5,1.0,0,2.302600525665283,-1,1.0,-1.0,1,74643.0,32,206.0,SAT,everything ok,1.258,
163,55,7,1.0,0,3.6052010006934405,-1,1.0,-1.0,1,159365.0,32,207.0,SAT,everything ok,1.122,
164,55,6,1.0,0,2.305200424391031,-1,1.0,-1.0,1,80948.0,32,208.0,SAT,everything ok,1.19,
165,55,4,1.0,0,6.210400861102343,-1,1.0,-1.0,1,148185.0,32,209.0,SAT,everything ok,1.236,
166,55,8,1.0,0,4.910400284799934,-1,1.0,-1.0,1,76403.0,32,210.0,SAT,everything ok,1.251,
167,55,10,1.0,0,3.6104007981449366,-1,1.0,-1.0,1,76716.0,32,211.0,SAT,everything ok,1.095,
168,55,1,1.0,0,2.310400221842527,-1,1.0,-1.0,1,81929.0,32,212.0,SAT,everything ok,1.1,
169,55,9,1.0,0,2.314300069931149,-1,1.0,-1.0,1,75973.0,32,213.0,SAT,everything ok,1.154,
170,55,2,1.0,0,1.0143005832761527,-1,1.0,-1.0,1,76344.0,32,214.0,SAT,everything ok,1.196,
171,56,3,4.0,0,1.0026010390102864,-1,4.0,-1.0,1,804190.0,32,218.0,SAT,configuration crashed; runnning SBS,4.336,
