Run Number,Run History Configuration ID,Instance ID,Response Value (y),Censored?,Cutoff Time Used,Seed,Runtime,Run Length,Run Result Code,Run Quality,SMAC Iteration,SMAC Cumulative Runtime,Run Result,Additional Algorithm Run Data,Wall Clock Time,
1,1,5,1.0,0,1800.0,-1,1.0,-1.0,1,113585.57401,0,1.0,SAT,everything ok,1.853,
2,1,3,2.0,0,1800.0,-1,2.0,-1.0,1,127378.235,1,3.0,SAT,everything ok,2.418,
3,2,3,2.0,0,3.60260001232028,-1,2.0,-1.0,1,4078926.05,1,5.0,SAT,configuration crashed; runnning SBS,2.851,
4,2,5,2.0,0,2.303900475028157,-1,2.0,-1.0,1,2961186.9201,1,7.0,SAT,configuration crashed; runnning SBS,2.91,
5,1,9,2.0,0,1800.0,-1,2.0,-1.0,1,294072.791,1,9.0,SAT,everything ok,2.527,
6,3,3,6.0,0,3.60260001232028,-1,6.0,-1.0,1,4078926.05,1,15.0,SAT,configuration crashed; runnning SBS,6.379,
7,1,6,2.0,0,1800.0,-1,2.0,-1.0,1,196478.62,2,17.0,SAT,everything ok,2.154,
8,4,9,1.0,0,3.60260001232028,-1,1.0,-1.0,1,258514.86701,2,18.0,SAT,everything ok,2.02,
9,4,3,1.0,0,6.205201063650847,-1,1.0,-1.0,1,407892.605,2,19.0,SAT,everything ok,1.508,
10,4,5,1.0,0,4.905200487348438,-1,1.0,-1.0,1,296118.69201,2,20.0,SAT,everything ok,1.41,
11,4,6,1.0,0,6.206501013013721,-1,1.0,-1.0,1,307132.04,2,21.0,SAT,everything ok,1.575,
12,4,8,1.0,0,1800.0,-1,1.0,-1.0,1,232256.95001,2,22.0,SAT,everything ok,1.447,
13,1,8,0.0,1,0.0,-1,0.0,0.0,0,0.0,2,22.0,TIMEOUT,,0.0,
14,3,6,0.0,1,0.0,-1,0.0,0.0,0,0.0,2,22.0,TIMEOUT,,0.0,
15,4,4,1.0,0,1800.0,-1,1.0,-1.0,1,331435.11801,3,23.0,SAT,everything ok,1.342,
16,1,4,0.0,1,0.0,-1,0.0,0.0,0,0.0,3,23.0,TIMEOUT,,0.0,
17,5,8,2.0,0,2.302600525665283,-1,2.0,-1.0,1,2322569.5001,3,25.0,SAT,configuration crashed; runnning SBS,2.362,
18,4,1,1.0,0,1800.0,-1,1.0,-1.0,1,301149.834,3,26.0,SAT,everything ok,1.449,
19,1,1,3.0,0,1.0104007351875306,-1,3.0,-1.0,1,197000.5,3,29.0,SAT,everything ok,3.256,
20,6,6,5.0,0,2.302600525665283,-1,5.0,-1.0,1,3071320.4,3,34.0,SAT,configuration crashed; runnning SBS,5.482,
21,4,2,1.0,0,1800.0,-1,1.0,-1.0,1,410782.84202,4,35.0,SAT,everything ok,1.613,
22,1,2,0.0,1,0.0,-1,0.0,0.0,0,0.0,4,35.0,TIMEOUT,,0.0,
23,7,4,2.0,0,2.302600525665283,-1,2.0,-1.0,1,3314351.1801,4,37.0,SAT,configuration crashed; runnning SBS,2.578,
24,4,10,1.0,0,1800.0,-1,1.0,-1.0,1,475546.878,4,38.0,SAT,everything ok,1.46,
25,1,10,0.0,1,0.0,-1,0.0,0.0,0,0.0,4,38.0,TIMEOUT,,0.0,
26,8,6,1.0,0,2.302600525665283,-1,1.0,-1.0,1,267865.235,4,39.0,SAT,everything ok,1.614,
27,8,4,1.0,0,3.6052010006934405,-1,1.0,-1.0,1,224655.26401,4,40.0,SAT,everything ok,1.737,
28,8,10,1.0,0,2.305200424391031,-1,1.0,-1.0,1,262119.129,4,41.0,SAT,everything ok,1.439,
29,8,1,1.0,0,6.210400861102343,-1,1.0,-1.0,1,268391.003,4,42.0,SAT,everything ok,1.424,
30,8,8,1.0,0,4.910400284799934,-1,1.0,-1.0,1,151875.81901,4,43.0,SAT,everything ok,1.429,
31,8,5,1.0,0,3.6104007981449366,-1,1.0,-1.0,1,150050.93701,4,44.0,SAT,everything ok,1.532,
32,8,3,1.0,0,2.310400221842527,-1,1.0,-1.0,1,156888.06,4,45.0,SAT,everything ok,1.462,
33,8,9,1.0,0,3.6130006968706847,-1,1.0,-1.0,1,328063.672,4,46.0,SAT,everything ok,1.528,
34,8,2,1.0,0,2.313000120568275,-1,1.0,-1.0,1,295259.04502,4,47.0,SAT,everything ok,1.741,
35,4,7,1.0,0,1800.0,-1,1.0,-1.0,1,480440.27,5,48.0,SAT,everything ok,1.581,
36,1,7,3.0,0,1.0143005832761527,-1,3.0,-1.0,1,302634.999,5,51.0,SAT,everything ok,3.269,
37,9,3,1.0,0,2.302600525665283,-1,1.0,-1.0,1,407892.605,5,52.0,SAT,everything ok,1.467,
38,9,6,1.0,0,3.6052010006934405,-1,1.0,-1.0,1,307132.04,5,53.0,SAT,everything ok,1.332,
39,9,9,1.0,0,2.305200424391031,-1,1.0,-1.0,1,258514.86701,5,54.0,SAT,everything ok,1.634,
40,9,7,1.0,0,6.210400861102343,-1,1.0,-1.0,1,480440.27,5,55.0,SAT,everything ok,1.445,
41,9,4,1.0,0,4.910400284799934,-1,1.0,-1.0,1,331435.11801,5,56.0,SAT,everything ok,1.295,
42,9,10,1.0,0,3.6104007981449366,-1,1.0,-1.0,1,475546.878,5,57.0,SAT,everything ok,1.569,
43,9,2,1.0,0,2.310400221842527,-1,1.0,-1.0,1,410782.84202,5,58.0,SAT,everything ok,1.224,
44,9,8,1.0,0,4.914300132888556,-1,1.0,-1.0,1,232256.95001,5,59.0,SAT,everything ok,1.632,
45,9,1,1.0,0,3.6143006462335587,-1,1.0,-1.0,1,301149.834,5,60.0,SAT,everything ok,1.536,
46,9,5,1.0,0,2.314300069931149,-1,1.0,-1.0,1,296118.69201,5,61.0,SAT,everything ok,1.308,
47,10,5,4.0,0,2.302600525665283,-1,4.0,-1.0,1,221731.02401,5,65.0,SAT,everything ok,4.264,
48,11,2,2.0,0,2.302600525665283,-1,2.0,-1.0,1,259287.62702,6,67.0,SAT,everything ok,2.128,
49,12,3,1.0,0,2.302600525665283,-1,1.0,-1.0,1,407892.605,6,68.0,SAT,everything ok,1.407,
50,12,8,1.0,0,3.6052010006934405,-1,1.0,-1.0,1,232256.95001,6,69.0,SAT,everything ok,1.341,
51,12,4,1.0,0,2.305200424391031,-1,1.0,-1.0,1,331435.11801,6,70.0,SAT,everything ok,1.535,
52,12,7,1.0,0,6.210400861102343,-1,1.0,-1.0,1,480440.27,6,71.0,SAT,everything ok,1.514,
53,12,9,1.0,0,4.910400284799934,-1,1.0,-1.0,1,258514.86701,6,72.0,SAT,everything ok,1.266,
54,12,1,1.0,0,3.6104007981449366,-1,1.0,-1.0,1,301149.834,6,73.0,SAT,everything ok,1.414,
55,12,2,1.0,0,2.310400221842527,-1,1.0,-1.0,1,410782.84202,6,74.0,SAT,everything ok,1.833,
56,12,5,1.0,0,4.914300132888556,-1,1.0,-1.0,1,296118.69201,6,75.0,SAT,everything ok,1.48,
57,12,6,1.0,0,3.6143006462335587,-1,1.0,-1.0,1,307132.04,6,76.0,SAT,everything ok,1.398,
58,12,10,1.0,0,2.314300069931149,-1,1.0,-1.0,1,475546.878,6,77.0,SAT,everything ok,1.581,
59,13,7,1.0,0,2.302600525665283,-1,1.0,-1.0,1,409489.683,7,78.0,SAT,everything ok,1.704,
60,13,10,1.0,0,3.6052010006934405,-1,1.0,-1.0,1,342633.767,7,79.0,SAT,everything ok,1.66,
61,13,5,1.0,0,2.305200424391031,-1,1.0,-1.0,1,365491.765,7,80.0,SAT,everything ok,1.478,
62,13,4,1.0,0,6.210400861102343,-1,1.0,-1.0,1,189501.03401,7,81.0,SAT,everything ok,1.398,
63,13,3,1.0,0,4.910400284799934,-1,1.0,-1.0,1,346594.254,7,82.0,SAT,everything ok,1.459,
64,13,8,1.0,0,3.6104007981449366,-1,1.0,-1.0,1,267622.77301,7,83.0,SAT,everything ok,1.416,
65,13,2,1.0,0,2.310400221842527,-1,1.0,-1.0,1,582944.493,7,84.0,SAT,everything ok,1.526,
66,13,1,1.0,0,4.914300132888556,-1,1.0,-1.0,1,347043.197,7,85.0,SAT,everything ok,1.467,
67,13,9,1.0,0,3.6143006462335587,-1,1.0,-1.0,1,367808.244,7,86.0,SAT,everything ok,1.596,
68,13,6,1.0,0,2.314300069931149,-1,1.0,-1.0,1,268517.24,7,87.0,SAT,everything ok,1.514,
69,14,5,3.0,0,2.302600525665283,-1,3.0,-1.0,1,2961186.9201,7,90.0,SAT,configuration crashed; runnning SBS,3.088,
70,15,4,2.0,0,2.302600525665283,-1,2.0,-1.0,1,188533.84101,8,92.0,SAT,everything ok,2.22,
71,16,10,1.0,0,2.302600525665283,-1,1.0,-1.0,1,475546.878,8,93.0,SAT,everything ok,1.516,
72,16,1,1.0,0,3.6052010006934405,-1,1.0,-1.0,1,301149.834,8,94.0,SAT,everything ok,1.66,
73,16,9,1.0,0,2.305200424391031,-1,1.0,-1.0,1,258514.86701,8,95.0,SAT,everything ok,1.738,
74,16,6,1.0,0,6.210400861102343,-1,1.0,-1.0,1,307132.04,8,96.0,SAT,everything ok,1.48,
75,16,3,1.0,0,4.910400284799934,-1,1.0,-1.0,1,407892.605,8,97.0,SAT,everything ok,1.516,
76,16,7,1.0,0,3.6104007981449366,-1,1.0,-1.0,1,480440.27,8,98.0,SAT,everything ok,1.346,
77,16,5,1.0,0,2.310400221842527,-1,1.0,-1.0,1,296118.69201,8,99.0,SAT,everything ok,1.41,
78,16,4,1.0,0,4.914300132888556,-1,1.0,-1.0,1,331435.11801,8,100.0,SAT,everything ok,1.615,
79,16,8,1.0,0,3.6143006462335587,-1,1.0,-1.0,1,232256.95001,8,101.0,SAT,everything ok,1.618,
80,16,2,1.0,0,2.314300069931149,-1,1.0,-1.0,1,410782.84202,8,102.0,SAT,everything ok,1.423,
81,17,6,4.0,0,2.302600525665283,-1,4.0,-1.0,1,195851.505,9,106.0,SAT,everything ok,4.292,
82,18,5,5.0,0,2.302600525665283,-1,5.0,-1.0,1,2961186.9201,9,111.0,SAT,configuration crashed; runnning SBS,5.508,
83,19,7,1.0,0,2.302600525665283,-1,1.0,-1.0,1,480440.27,10,112.0,SAT,everything ok,1.453,
84,19,6,1.0,0,3.6052010006934405,-1,1.0,-1.0,1,307132.04,10,113.0,SAT,everything ok,1.451,
85,19,1,1.0,0,2.305200424391031,-1,1.0,-1.0,1,301149.834,10,114.0,SAT,everything ok,1.39,
86,19,5,1.0,0,6.210400861102343,-1,1.0,-1.0,1,296118.69201,10,115.0,SAT,everything ok,1.436,
87,19,3,1.0,0,4.910400284799934,-1,1.0,-1.0,1,407892.605,10,116.0,SAT,everything ok,1.49,
88,19,10,1.0,0,3.6104007981449366,-1,1.0,-1.0,1,475546.878,10,117.0,SAT,everything ok,1.583,
89,19,4,1.0,0,2.310400221842527,-1,1.0,-1.0,1,331435.11801,10,118.0,SAT,everything ok,1.535,
90,19,2,1.0,0,4.914300132888556,-1,1.0,-1.0,1,410782.84202,10,119.0,SAT,everything ok,1.342,
91,19,8,1.0,0,3.6143006462335587,-1,1.0,-1.0,1,232256.95001,10,120.0,SAT,everything ok,1.502,
92,19,9,1.0,0,2.314300069931149,-1,1.0,-1.0,1,258514.86701,10,121.0,SAT,everything ok,1.529,
93,20,8,1.0,0,2.302600525665283,-1,1.0,-1.0,1,226361.24601,10,122.0,SAT,everything ok,1.743,
94,20,1,2.0,0,3.6052010006934405,-1,2.0,-1.0,1,197200.029,10,124.0,SAT,everything ok,2.285,
95,20,9,3.0,0,1.0052009377360345,-1,3.0,-1.0,1,187200.07701,10,127.0,SAT,everything ok,3.27,
96,21,3,2.0,0,2.302600525665283,-1,2.0,-1.0,1,407892.605,11,129.0,SAT,everything ok,2.145,
97,21,4,3.0,0,1.0039009883731604,-1,3.0,-1.0,1,331435.11801,11,132.0,SAT,everything ok,3.246,
98,22,3,1.0,0,2.302600525665283,-1,1.0,-1.0,1,302595.161,12,133.0,SAT,everything ok,1.824,
99,22,2,1.0,0,3.6052010006934405,-1,1.0,-1.0,1,296113.10702,12,134.0,SAT,everything ok,1.832,
100,22,9,1.0,0,2.305200424391031,-1,1.0,-1.0,1,366814.894,12,135.0,SAT,everything ok,1.708,
101,22,6,1.0,0,6.210400861102343,-1,1.0,-1.0,1,192609.375,12,136.0,SAT,everything ok,1.762,
102,22,8,1.0,0,4.910400284799934,-1,1.0,-1.0,1,333708.79301,12,137.0,SAT,everything ok,1.722,
103,22,7,1.0,0,3.6104007981449366,-1,1.0,-1.0,1,334303.552,12,138.0,SAT,everything ok,1.358,
104,22,5,1.0,0,2.310400221842527,-1,1.0,-1.0,1,186376.64501,12,139.0,SAT,everything ok,1.516,
105,22,4,1.0,0,4.914300132888556,-1,1.0,-1.0,1,402320.51401,12,140.0,SAT,everything ok,1.523,
106,22,1,1.0,0,3.6143006462335587,-1,1.0,-1.0,1,306222.996,12,141.0,SAT,everything ok,1.77,
107,22,10,1.0,0,2.314300069931149,-1,1.0,-1.0,1,334914.086,12,142.0,SAT,everything ok,1.769,
108,23,7,1.0,0,2.302600525665283,-1,1.0,-1.0,1,480440.27,12,143.0,SAT,everything ok,1.493,
109,23,2,1.0,0,3.6052010006934405,-1,1.0,-1.0,1,410782.84202,12,144.0,SAT,everything ok,1.502,
110,23,6,1.0,0,2.305200424391031,-1,1.0,-1.0,1,307132.04,12,145.0,SAT,everything ok,1.729,
111,23,8,1.0,0,6.210400861102343,-1,1.0,-1.0,1,232256.95001,12,146.0,SAT,everything ok,1.677,
112,23,5,1.0,0,4.910400284799934,-1,1.0,-1.0,1,296118.69201,12,147.0,SAT,everything ok,1.819,
113,23,1,1.0,0,3.6104007981449366,-1,1.0,-1.0,1,301149.834,12,148.0,SAT,everything ok,1.794,
114,23,10,1.0,0,2.310400221842527,-1,1.0,-1.0,1,475546.878,12,149.0,SAT,everything ok,1.712,
115,23,4,1.0,0,4.914300132888556,-1,1.0,-1.0,1,331435.11801,12,150.0,SAT,everything ok,1.713,
116,23,3,1.0,0,3.6143006462335587,-1,1.0,-1.0,1,407892.605,12,151.0,SAT,everything ok,1.312,
117,23,9,1.0,0,2.314300069931149,-1,1.0,-1.0,1,258514.86701,12,152.0,SAT,everything ok,1.608,
118,24,1,1.0,0,2.302600525665283,-1,1.0,-1.0,1,301149.834,13,153.0,SAT,everything ok,1.537,
119,24,8,1.0,0,3.6052010006934405,-1,1.0,-1.0,1,232256.95001,13,154.0,SAT,everything ok,1.414,
120,24,4,1.0,0,2.305200424391031,-1,1.0,-1.0,1,331435.11801,13,155.0,SAT,everything ok,1.527,
121,24,10,1.0,0,6.210400861102343,-1,1.0,-1.0,1,475546.878,13,156.0,SAT,everything ok,1.447,
122,24,3,1.0,0,4.910400284799934,-1,1.0,-1.0,1,407892.605,13,157.0,SAT,everything ok,1.574,
123,24,9,1.0,0,3.6104007981449366,-1,1.0,-1.0,1,258514.86701,13,158.0,SAT,everything ok,1.331,
124,24,7,1.0,0,2.310400221842527,-1,1.0,-1.0,1,480440.27,13,159.0,SAT,everything ok,1.61,
125,24,2,1.0,0,4.914300132888556,-1,1.0,-1.0,1,410782.84202,13,160.0,SAT,everything ok,1.54,
126,24,6,1.0,0,3.6143006462335587,-1,1.0,-1.0,1,307132.04,13,161.0,SAT,everything ok,1.294,
127,24,5,1.0,0,2.314300069931149,-1,1.0,-1.0,1,296118.69201,13,162.0,SAT,everything ok,1.508,
128,25,5,2.0,0,2.302600525665283,-1,2.0,-1.0,1,185799.11601,13,164.0,SAT,everything ok,2.267,
129,26,7,1.0,0,2.302600525665283,-1,1.0,-1.0,1,445727.306,14,165.0,SAT,everything ok,1.874,
130,26,4,1.0,0,3.6052010006934405,-1,1.0,-1.0,1,190150.16501,14,166.0,SAT,everything ok,1.565,
131,26,6,1.0,0,2.305200424391031,-1,1.0,-1.0,1,231865.291,14,167.0,SAT,everything ok,1.736,
132,26,5,1.0,0,6.210400861102343,-1,1.0,-1.0,1,150051.09301,14,168.0,SAT,everything ok,1.692,
133,26,3,1.0,0,4.910400284799934,-1,1.0,-1.0,1,159656.464,14,169.0,SAT,everything ok,1.294,
134,26,2,1.0,0,3.6104007981449366,-1,1.0,-1.0,1,292765.00902,14,170.0,SAT,everything ok,1.61,
135,26,10,1.0,0,2.310400221842527,-1,1.0,-1.0,1,297806.61,14,171.0,SAT,everything ok,1.713,
136,26,8,1.0,0,4.914300132888556,-1,1.0,-1.0,1,155109.37201,14,172.0,SAT,everything ok,1.42,
137,26,1,1.0,0,3.6143006462335587,-1,1.0,-1.0,1,232410.428,14,173.0,SAT,everything ok,1.522,
138,26,9,1.0,0,2.314300069931149,-1,1.0,-1.0,1,150694.15601,14,174.0,SAT,everything ok,1.531,
139,27,5,2.0,0,2.302600525665283,-1,2.0,-1.0,1,2961186.9201,14,176.0,SAT,configuration crashed; runnning SBS,2.533,
140,28,5,1.0,0,2.302600525665283,-1,1.0,-1.0,1,186676.46601,15,177.0,SAT,everything ok,1.237,
141,28,9,1.0,0,3.6052010006934405,-1,1.0,-1.0,1,223222.97601,15,178.0,SAT,everything ok,1.565,
142,28,1,1.0,0,2.305200424391031,-1,1.0,-1.0,1,268610.869,15,179.0,SAT,everything ok,1.902,
143,28,4,1.0,0,6.210400861102343,-1,1.0,-1.0,1,224404.95901,15,180.0,SAT,everything ok,1.43,
144,28,7,1.0,0,4.910400284799934,-1,1.0,-1.0,1,443379.18,15,181.0,SAT,everything ok,1.311,
145,28,10,1.0,0,3.6104007981449366,-1,1.0,-1.0,1,368855.886,15,182.0,SAT,everything ok,1.412,
146,28,2,1.0,0,2.310400221842527,-1,1.0,-1.0,1,262145.56902,15,183.0,SAT,everything ok,1.55,
147,28,3,1.0,0,4.914300132888556,-1,1.0,-1.0,1,193182.38,15,184.0,SAT,everything ok,1.518,
148,28,6,1.0,0,3.6143006462335587,-1,1.0,-1.0,1,231802.217,15,185.0,SAT,everything ok,1.375,
149,28,8,1.0,0,2.314300069931149,-1,1.0,-1.0,1,114944.45701,15,186.0,SAT,everything ok,1.505,
150,29,4,5.0,0,2.302600525665283,-1,5.0,-1.0,1,3314351.1801,15,191.0,SAT,configuration crashed; runnning SBS,5.471,
151,30,9,1.0,0,2.302600525665283,-1,1.0,-1.0,1,258514.86701,16,192.0,SAT,everything ok,1.482,
152,30,8,1.0,0,3.6052010006934405,-1,1.0,-1.0,1,232256.95001,16,193.0,SAT,everything ok,1.548,
153,30,4,1.0,0,2.305200424391031,-1,1.0,-1.0,1,331435.11801,16,194.0,SAT,everything ok,1.503,
154,30,5,1.0,0,6.210400861102343,-1,1.0,-1.0,1,296118.69201,16,195.0,SAT,everything ok,1.616,
155,30,6,1.0,0,4.910400284799934,-1,1.0,-1.0,1,307132.04,16,196.0,SAT,everything ok,1.266,
156,30,2,1.0,0,3.6104007981449366,-1,1.0,-1.0,1,410782.84202,16,197.0,SAT,everything ok,1.32,
157,30,10,1.0,0,2.310400221842527,-1,1.0,-1.0,1,475546.878,16,198.0,SAT,everything ok,1.492,
158,30,1,1.0,0,4.914300132888556,-1,1.0,-1.0,1,301149.834,16,199.0,SAT,everything ok,1.564,
159,30,7,1.0,0,3.6143006462335587,-1,1.0,-1.0,1,480440.27,16,200.0,SAT,everything ok,1.356,
160,30,3,1.0,0,2.314300069931149,-1,1.0,-1.0,1,407892.605,16,201.0,SAT,everything ok,1.536,
161,31,6,2.0,0,2.302600525665283,-1,2.0,-1.0,1,3071320.4,16,203.0,SAT,configuration crashed; runnning SBS,2.916,
