Run Number,Run History Configuration ID,Instance ID,Response Value (y),Censored?,Cutoff Time Used,Seed,Runtime,Run Length,Run Result Code,Run Quality,SMAC Iteration,SMAC Cumulative Runtime,Run Result,Additional Algorithm Run Data,Wall Clock Time,
1,1,5,6.0,0,1800.0,-1,6.0,-1.0,1,131606.81,0,6.0,SAT,everything ok,6.073,
2,1,3,5.0,0,1800.0,-1,5.0,-1.0,1,97441.01,1,11.0,SAT,everything ok,5.864,
3,2,3,7.0,0,7.502600651580096,-1,7.0,-1.0,1,167789.8,1,18.0,SAT,configuration crashed; runnning SBS,7.472,
4,1,9,5.0,0,1800.0,-1,5.0,-1.0,1,129726.61,1,23.0,SAT,everything ok,5.887,
5,3,3,7.0,0,7.502600651580096,-1,7.0,-1.0,1,167789.8,1,30.0,SAT,configuration crashed; runnning SBS,7.998,
6,1,6,5.0,0,1800.0,-1,5.0,-1.0,1,90280.71,2,35.0,SAT,everything ok,5.96,
7,4,9,6.0,0,7.502600651580096,-1,6.0,-1.0,1,535789.3,2,41.0,SAT,configuration crashed; runnning SBS,6.941,
8,1,8,6.0,0,1800.0,-1,6.0,-1.0,1,98729.49,2,47.0,SAT,everything ok,6.18,
9,3,5,7.0,0,6.203900024640561,-1,7.0,-1.0,1,582546.2,2,54.0,SAT,configuration crashed; runnning SBS,7.873,
10,1,4,5.0,0,1800.0,-1,5.0,-1.0,1,125811.33,3,59.0,SAT,everything ok,5.759,
11,5,5,7.0,0,8.802600138235093,-1,7.0,-1.0,1,582546.2,3,66.0,SAT,configuration crashed; runnning SBS,7.189,
12,1,1,5.0,0,1800.0,-1,5.0,-1.0,1,90790.07,3,71.0,SAT,everything ok,5.673,
13,6,9,12.0,0,7.502600651580096,-1,12.0,-1.0,1,535789.3,3,83.0,SAT,configuration crashed; runnning SBS,12.873,
14,1,2,5.0,0,1800.0,-1,5.0,-1.0,1,165929.66,4,88.0,SAT,everything ok,5.586,
15,7,4,3.0,0,7.502600651580096,-1,3.0,-1.0,1,14604.5,4,91.0,SAT,everything ok,3.975,
16,7,3,3.0,0,16.60520022583306,-1,3.0,-1.0,1,16778.98,4,94.0,SAT,everything ok,3.774,
17,7,1,3.0,0,12.705200676220656,-1,3.0,-1.0,1,52041.72,4,97.0,SAT,everything ok,3.871,
18,7,6,3.0,0,37.4104005269438,-1,3.0,-1.0,1,16978.62,4,100.0,SAT,everything ok,3.87,
19,7,8,3.0,0,33.5104009773314,-1,3.0,-1.0,1,52236.03,4,103.0,SAT,everything ok,3.972,
20,7,9,4.0,0,29.61040033807159,-1,4.0,-1.0,1,53578.93,4,107.0,SAT,everything ok,4.176,
21,7,5,3.0,0,24.410400212156777,-1,3.0,-1.0,1,58254.62,4,110.0,SAT,everything ok,3.875,
22,7,2,3.0,0,27.011700224477057,-1,3.0,-1.0,1,14073.72,4,113.0,SAT,everything ok,3.873,
23,7,10,3.0,0,1800.0,-1,3.0,-1.0,1,19954.87,4,116.0,SAT,everything ok,3.874,
24,1,10,0.0,1,0.0,-1,0.0,0.0,0,0.0,4,116.0,TIMEOUT,,0.0,
25,8,1,9.0,0,4.90260058862269,-1,9.0,-1.0,1,520417.2,4,125.0,SAT,configuration crashed; runnning SBS,10.0,
26,7,7,3.0,0,1800.0,-1,3.0,-1.0,1,53224.66,5,128.0,SAT,everything ok,3.998,
27,1,7,0.0,1,0.0,-1,0.0,0.0,0,0.0,5,128.0,TIMEOUT,,0.0,
28,9,9,7.0,0,6.202600075277687,-1,7.0,-1.0,1,535789.3,5,135.0,SAT,configuration crashed; runnning SBS,7.612,
29,10,7,7.0,0,4.90260058862269,-1,7.0,-1.0,1,532246.6,5,142.0,SAT,configuration crashed; runnning SBS,7.188,
30,11,1,7.0,0,4.90260058862269,-1,7.0,-1.0,1,520417.2,6,149.0,SAT,configuration crashed; runnning SBS,7.414,
31,12,9,3.0,0,6.202600075277687,-1,3.0,-1.0,1,53578.93,6,152.0,SAT,everything ok,3.667,
32,12,8,3.0,0,10.10520061326325,-1,3.0,-1.0,1,52236.03,6,155.0,SAT,everything ok,3.771,
33,12,6,3.0,0,6.205201063650847,-1,3.0,-1.0,1,16978.62,6,158.0,SAT,everything ok,3.77,
34,12,4,3.0,0,17.910400599586964,-1,3.0,-1.0,1,14604.5,6,161.0,SAT,everything ok,3.77,
35,12,2,3.0,0,14.010401049974561,-1,3.0,-1.0,1,14073.72,6,164.0,SAT,everything ok,3.67,
36,12,3,3.0,0,10.110400410714746,-1,3.0,-1.0,1,16778.98,6,167.0,SAT,everything ok,3.773,
37,12,7,3.0,0,6.210400861102343,-1,3.0,-1.0,1,53224.66,6,170.0,SAT,everything ok,3.871,
38,12,5,3.0,0,14.014300898063183,-1,3.0,-1.0,1,58254.62,6,173.0,SAT,everything ok,3.873,
39,12,10,3.0,0,10.114300258803368,-1,3.0,-1.0,1,19954.87,6,176.0,SAT,everything ok,3.775,
40,12,1,3.0,0,6.214300709190965,-1,3.0,-1.0,1,52041.72,6,179.0,SAT,everything ok,3.67,
41,13,10,7.0,0,4.90260058862269,-1,7.0,-1.0,1,199548.7,7,186.0,SAT,configuration crashed; runnning SBS,7.163,
42,14,6,6.0,0,4.90260058862269,-1,6.0,-1.0,1,169786.2,7,192.0,SAT,configuration crashed; runnning SBS,6.765,
43,15,6,3.0,0,4.90260058862269,-1,3.0,-1.0,1,16978.62,8,195.0,SAT,everything ok,3.571,
44,15,10,3.0,0,8.80520003696084,-1,3.0,-1.0,1,19954.87,8,198.0,SAT,everything ok,3.856,
45,15,2,3.0,0,4.905200487348438,-1,3.0,-1.0,1,14073.72,8,201.0,SAT,everything ok,3.572,
46,15,3,3.0,0,16.610400023284555,-1,3.0,-1.0,1,16778.98,8,204.0,SAT,everything ok,3.871,
47,15,9,3.0,0,12.710400473672152,-1,3.0,-1.0,1,53578.93,8,207.0,SAT,everything ok,3.645,
48,15,1,3.0,0,8.81040092405975,-1,3.0,-1.0,1,52041.72,8,210.0,SAT,everything ok,3.669,
49,15,5,3.0,0,4.910400284799934,-1,3.0,-1.0,1,58254.62,8,213.0,SAT,everything ok,3.771,
50,15,8,3.0,0,12.714300321760774,-1,3.0,-1.0,1,52236.03,8,216.0,SAT,everything ok,3.567,
51,15,7,3.0,0,8.814300772148371,-1,3.0,-1.0,1,53224.66,8,219.0,SAT,everything ok,3.571,
52,15,4,3.0,0,4.914300132888556,-1,3.0,-1.0,1,14604.5,8,222.0,SAT,everything ok,3.67,
53,16,10,3.0,0,4.90260058862269,-1,3.0,-1.0,1,19954.87,8,225.0,SAT,everything ok,3.77,
54,16,2,3.0,0,8.80520003696084,-1,3.0,-1.0,1,14073.72,8,228.0,SAT,everything ok,3.673,
55,16,3,3.0,0,4.905200487348438,-1,3.0,-1.0,1,16778.98,8,231.0,SAT,everything ok,3.671,
56,16,5,3.0,0,16.610400023284555,-1,3.0,-1.0,1,58254.62,8,234.0,SAT,everything ok,3.567,
57,16,4,3.0,0,12.710400473672152,-1,3.0,-1.0,1,14604.5,8,237.0,SAT,everything ok,3.772,
58,16,7,3.0,0,8.81040092405975,-1,3.0,-1.0,1,53224.66,8,240.0,SAT,everything ok,3.566,
59,16,9,3.0,0,4.910400284799934,-1,3.0,-1.0,1,53578.93,8,243.0,SAT,everything ok,3.669,
60,16,8,3.0,0,12.714300321760774,-1,3.0,-1.0,1,52236.03,8,246.0,SAT,everything ok,3.47,
61,16,1,3.0,0,8.814300772148371,-1,3.0,-1.0,1,52041.72,8,249.0,SAT,everything ok,3.694,
62,16,6,3.0,0,4.914300132888556,-1,3.0,-1.0,1,16978.62,8,252.0,SAT,everything ok,3.659,
